1 2 
1 3 
1 4 
2 5 
1 6 
1 7 
3 7 
4 9 
3 10 
2 11 
1 15 
4 15 
7 15 
3 17 
5 17 
6 17 
7  18 
3  20 
2 21 
1 22 
5 23 
9  23 
3  25 
7 25 
3  28 
9 28 
13  28 
2  29 
3 31 
6  31 
7 31 
13  31 
13  33 
2 35 
11 36 
4 39 
8  39 
14  39 
3 41 
20  41 
5  47 
14  47 
20 47 
21 47 
9 49 
12 49 
15  49 
22  49 
3 52 
19  52 
21 52 
24 55 
7 57
22 57 
19 58
1 60 
11 60 
1  63 
5 63 
31 63 
18  65 
32  65 
9  68
33  68
6 71 
9 71 
18 71 
20  71 
35  71 
25  73 
28 73 
31  73 
9  79 
19  79 
4 81 
16 81 
35  81 
13  84 
13  87 
38  89 
2  93
21  94
11  95
17  95
6  97
12  97
33  97
34  97
11  98
27  98